19,4625151.7349,376514.9005,3.6051,-25.8640
20,4625151.6206,376517.9882,3.5000,-25.9690
21,4625151.4245,376521.0263,3.4489,-26.0200
22,4625151.2895,376524.1833,3.3558,-26.1130
23,4625150.8301,376527.3481,3.2298,-26.2390
24,4625150.1794,376530.3109,3.2077,-26.2610
25,4625149.0132,376533.1521,3.0686,-26.4000
26,4625147.7630,376535.9640,2.9515,-26.5170
27,4625146.2720,376538.7085,2.8575,-26.6110
28,4625144.7103,376541.2958,2.8214,-26.6470
29,4625142.9254,376543.8233,2.8453,-26.6230
30,4625140.9193,376546.3749,2.8813,-26.5870
31,4625138.8446,376548.7241,2.9632,-26.5050
32,4625136.6886,376550.9675,3.0261,-26.4420
33,4625134.5054,376553.2148,3.0851,-26.3830
34,4625132.1279,376555.4374,3.1450,-26.3230
35,4625129.9733,376557.6142,3.1760,-26.2920
36,4625127.7823,376559.7000,3.1799,-26.2880
37,4625125.6711,376561.9000,3.1519,-26.3160
38,4625123.5217,376564.0127,3.1648,-26.3030
39,4625121.3365,376566.1612,3.1968,-26.2710
40,4625119.0854,376568.3804,3.1937,-26.2740
41,4625116.7724,376570.6304,3.2237,-26.2440
42,4625114.3706,376572.7497,3.2466,-26.2210
43,4625112.1658,376575.0953,3.2115,-26.2560
44,4625110.0549,376577.4462,3.2445,-26.2230
45,4625107.6688,376579.5419,3.2844,-26.1830
46,4625105.6608,376581.8044,3.2974,-26.1700
47,4625103.5640,376583.9870,3.2953,-26.1720
48,4625101.5826,376586.4256,3.2853,-26.1820
49,4625099.3186,376588.4707,3.3962,-26.0710
50,4625097.0672,376590.7360,3.4631,-26.0040
51,4625094.8923,376592.8776,3.5021,-25.9650
52,4625092.7922,376595.1673,3.5210,-25.9460
53,4625090.7248,376597.5258,3.5210,-25.9460
54,4625088.6911,376599.8189,3.5239,-25.9430
55,4625086.7369,376602.2879,3.5059,-25.9610
56,4625084.6444,376604.4687,3.5168,-25.9500
57,4625082.6495,376606.7318,3.4907,-25.9760
58,4625080.7025,376609.1629,3.4037,-26.0630
59,4625078.6698,376611.4091,3.3696,-26.0970
60,4625076.4968,376613.5567,3.3836,-26.0830
61,4625074.8861,376616.1509,3.9015,-25.5650
62,4625073.7534,376616.1420,3.4245,-26.0420
63,4625071.8850,376618.6788,3.4364,-26.0300
64,4625069.8675,376620.9144,3.3744,-26.0920
65,4625067.7457,376623.2916,3.3813,-26.0850
66,4625065.6264,376625.5362,3.3533,-26.1130
67,4625063.4958,376627.8510,3.3492,-26.1170
68,4625061.5825,376630.1665,3.2721,-26.1940
69,4625059.5995,376632.5259,3.2861,-26.1800
70,4625057.3033,376634.7920,3.3500,-26.1160
71,4625055.1772,376636.9454,3.4070,-26.0590
72,4625053.0917,376639.4423,3.4109,-26.0550
73,4625051.1763,376641.7881,3.4099,-26.0560
74,4625049.0054,376644.2150,3.3938,-26.0720
75,4625047.0930,376646.6256,3.3997,-26.0660
76,4625044.9385,376649.0426,3.4087,-26.0570
77,4625042.6579,376651.3040,3.4546,-26.0110
78,4625040.7732,376653.8996,3.4185,-26.0470
79,4625039.0026,376656.4014,3.3715,-26.0940
80,4625036.9565,376658.8464,3.3414,-26.1240
81,4625034.9130,376661.1493,3.3814,-26.0840
82,4625032.7855,376663.3326,3.3893,-26.0760
83,4625030.6698,376665.8300,3.3892,-26.0760
84,4625028.4930,376668.2350,3.4232,-26.0420
85,4625026.2227,376670.6585,3.4661,-25.9990
86,4625024.0516,376672.9171,3.5221,-25.9430
87,4625022.2388,376675.5192,3.4850,-25.9800
88,4625020.5751,376678.0349,3.3909,-26.0740
89,4625018.7611,376680.4502,3.4059,-26.0590
90,4625016.5046,376682.4396,3.5168,-25.9480
91,4625014.4116,376684.6946,3.5428,-25.9220
92,4625012.4815,376687.0516,3.5347,-25.9300
93,4625010.2472,376689.6714,3.5286,-25.9360
94,4625008.1852,376692.1196,3.5596,-25.9050
95,4625006.1969,376694.7855,3.5795,-25.8850
96,4625004.1392,376697.3041,3.5574,-25.9070
97,4625002.0977,376700.0280,3.5554,-25.9090
98,4625000.1869,376702.6348,3.6313,-25.8330
99,4624998.5037,376705.2908,3.6032,-25.8610
100,4624996.7210,376707.9259,3.5882,-25.8760
101,4624995.0931,376710.4995,3.5351,-25.9290
102,4624993.4401,376713.2045,3.5130,-25.9510
103,4624991.6284,376715.6547,3.5010,-25.9630
104,4624992.3227,376718.5761,3.1449,-26.3190
105,4624994.2878,376720.8628,3.2998,-26.1640
106,4624991.2418,376720.3317,3.1379,-26.3260
107,4624988.3554,376721.4447,3.5008,-25.9630
108,4624986.2915,376724.0516,3.5798,-25.8840
109,4624983.8653,376726.1880,3.7067,-25.7570
110,4624982.2419,376728.9642,3.6446,-25.8190
111,4624980.4871,376731.6380,3.6336,-25.8300
112,4624978.7842,376734.4052,3.5735,-25.8900
113,4624977.0303,376737.4347,3.5454,-25.9180
114,4624975.2404,376740.1912,3.5313,-25.9320
115,4624973.0894,376742.4419,3.5913,-25.8720
116,4624971.4971,376745.1245,3.5902,-25.8730
117,4624970.0628,376747.9121,3.5572,-25.9060
118,4624968.1402,376750.3449,3.6211,-25.8420
119,4624966.4163,376752.9339,3.6300,-25.8330
120,4624964.7811,376755.4992,3.6890,-25.7740
121,4624963.0031,376757.9668,3.6609,-25.8020
122,4624961.5227,376760.7413,3.6108,-25.8520
123,4624959.9468,376763.4961,3.5948,-25.8680
124,4624958.3083,376766.0308,3.6467,-25.8160
125,4624956.6167,376768.7232,3.6396,-25.8230
126,4624954.9414,376771.3182,3.5956,-25.8670
127,4624953.4828,376774.0758,3.5985,-25.8640
128,4624951.7207,376776.6609,3.5764,-25.8860
129,4624950.1624,376779.2419,3.5863,-25.8760
130,4624948.8430,376782.0650,3.5183,-25.9440
131,4624947.0060,376784.4436,3.5722,-25.8900
132,4624945.4110,376787.0713,3.5271,-25.9350
133,4624943.6019,376789.5796,3.5351,-25.9270
134,4624941.9593,376792.1654,3.5430,-25.9190
135,4624940.4815,376794.9153,3.5149,-25.9470
136,4624938.6371,376797.4397,3.5219,-25.9400
137,4624936.9961,376800.2018,3.4558,-26.0060
138,4624935.3898,376802.9481,3.4017,-26.0600
139,4624933.4552,376805.3385,3.4637,-25.9980
140,4624931.7683,376808.0803,3.3446,-26.1170
141,4624930.0435,376810.6367,3.2425,-26.2190
142,4624929.7860,376813.6812,3.0495,-26.4120
143,4624931.4841,376816.1934,2.6544,-26.8070
144,4624932.8563,376818.9200,2.4673,-26.9940
145,4624929.8145,376819.1925,3.3573,-26.1040
146,4624928.2412,376816.4288,3.0354,-26.4260
147,4624925.5966,376818.0729,3.1774,-26.2840
148,4624923.8175,376820.7807,3.2233,-26.2380
149,4624921.6748,376823.0040,3.2262,-26.2350
150,4624919.4392,376825.0496,3.2682,-26.1930
151,4624917.5555,376827.4652,3.2251,-26.2360
152,4624915.8072,376830.1366,3.1020,-26.3590
153,4624913.7952,376832.4357,3.1030,-26.3580
154,4624911.5363,376834.6865,3.1069,-26.3540
155,4624909.1109,376836.8229,3.1509,-26.3100
156,4624906.8094,376838.8251,3.1628,-26.2980
157,4624904.7435,376841.0906,3.0828,-26.3780
158,4624902.4322,376843.2505,3.0497,-26.4110
159,4624899.9346,376845.0238,3.0457,-26.4150
160,4624897.0053,376846.2042,3.0936,-26.3670
161,4624894.2915,376847.5207,3.1666,-26.2940
162,4624893.6719,376850.4756,3.0115,-26.4490
163,4624891.9752,376853.1643,2.9395,-26.5210
164,4624889.6724,376855.2352,2.9044,-26.5560
165,4624887.3846,376857.2092,2.8634,-26.5970
166,4624884.7620,376858.9839,2.8063,-26.6540
167,4624882.4576,376860.9993,2.8773,-26.5830
168,4624879.9093,376863.0194,2.8652,-26.5950
169,4624877.5841,376865.3131,2.8422,-26.6180
170,4624875.4268,376867.4461,2.8151,-26.6450
171,4624873.1314,376869.3997,2.8081,-26.6520
172,4624871.0425,376871.6773,2.7790,-26.6810
173,4624869.1701,376874.0284,2.7659,-26.6940
174,4624867.5055,376876.7890,2.7609,-26.6990
175,4624866.2039,376879.9347,2.6988,-26.7610
176,4624864.6374,376882.6109,2.6847,-26.7750
177,4624862.5655,376884.9255,2.6707,-26.7890
178,4624860.2280,376887.1146,2.6406,-26.8190
179,4624858.1253,376889.4963,2.6266,-26.8330
180,4624856.0350,376891.6895,2.6375,-26.8220
181,4624854.1726,376894.1556,2.6034,-26.8560
182,4624852.1590,376896.4993,2.5934,-26.8660
183,4624850.0731,376898.6607,2.5853,-26.8740
184,4624848.0329,376901.2300,2.5563,-26.9030
185,4624846.5308,376904.0439,2.5352,-26.9240
186,4624845.0292,376906.8511,2.5261,-26.9330
187,4624843.2125,376909.7087,2.4820,-26.9770
188,4624841.7330,376912.3292,2.4740,-26.9850
189,4624839.8328,376914.7127,2.5219,-26.9370
190,4624837.9988,376917.1542,2.5238,-26.9350
191,4624836.0463,376919.7664,2.5058,-26.9530
192,4624834.2596,376922.3516,2.5127,-26.9460
193,4624832.2869,376924.8309,2.5037,-26.9550
194,4624830.4308,376927.4380,2.5286,-26.9300
195,4624828.8695,376930.1953,2.5435,-26.9150
196,4624827.4467,376932.9340,2.5494,-26.9090
197,4624826.0730,376935.6761,2.5144,-26.9440
198,4624824.3836,376938.2029,2.5253,-26.9330
199,4624822.8583,376940.9911,2.5432,-26.9150
200,4624821.3782,376943.7434,2.5612,-26.8970
201,4624819.6959,376946.3729,2.5911,-26.8670
202,4624817.9293,376948.9238,2.6070,-26.8510
203,4624816.2452,376951.4067,2.6400,-26.8180
204,4624814.8934,376954.1369,2.6619,-26.7960
205,4624813.6265,376956.8826,2.6508,-26.8070
206,4624812.2875,376959.8835,2.6918,-26.7660
207,4624811.1439,376962.9486,2.6747,-26.7830
208,4624809.8707,376965.8925,2.7066,-26.7510
209,4624808.6354,376968.8542,2.6745,-26.7830
210,4624807.1354,376971.6552,2.6685,-26.7890
211,4624805.9245,376974.6245,2.6724,-26.7850
212,4624804.5964,376977.3353,2.6923,-26.7650
213,4624802.9652,376979.9610,2.7392,-26.7180
214,4624801.6324,376982.8239,2.7542,-26.7030
215,4624799.9118,376985.4527,2.7671,-26.6900
216,4624798.3898,376988.2900,2.7800,-26.6770
217,4624797.1855,376991.0632,2.7990,-26.6580
218,4624795.7891,376993.9293,2.8439,-26.6130
219,4624794.5018,376996.7951,2.8348,-26.6220
220,4624793.7382,376999.8724,2.8047,-26.6520
221,4624792.8758,377002.8982,2.7946,-26.6620
222,4624791.6629,377005.7227,2.7656,-26.6910
223,4624790.3921,377008.4603,2.7555,-26.7010
224,4624789.2757,377011.3000,2.7514,-26.7050
225,4624788.1521,377014.1573,2.6994,-26.7570
226,4624787.0372,377017.0294,2.6803,-26.7760
227,4624785.4782,377019.8005,2.6662,-26.7900
228,4624784.0904,377022.4707,2.6461,-26.8100
229,4624782.6139,377025.3056,2.6441,-26.8120
230,4624781.0315,377027.9074,2.6570,-26.7990
231,4624778.7365,377030.0064,2.7120,-26.7440
232,4624776.4096,377031.9188,2.7119,-26.7440
233,4624774.3413,377034.3284,2.7198,-26.7360
234,4624772.4552,377036.7619,2.7348,-26.7210
235,4624770.8735,377039.5203,2.7107,-26.7450
236,4624769.2176,377042.0754,2.7307,-26.7250
237,4624767.4745,377044.5931,2.7436,-26.7120
238,4624765.0446,377046.5501,2.7165,-26.7390
239,4624763.0284,377049.0165,2.7325,-26.7230
240,4624761.0950,377051.6338,2.7284,-26.7270
241,4624759.0101,377054.0608,2.6973,-26.7580
242,4624756.7784,377056.2196,2.6943,-26.7610
243,4624754.1428,377057.8172,2.6883,-26.7670
244,4624751.4169,377059.5029,2.6252,-26.8300
245,4624748.8926,377061.2671,2.5862,-26.8690
246,4624746.7757,377063.5998,2.5631,-26.8920
247,4624745.6929,377066.4691,2.5290,-26.9260
248,4624744.6703,377069.4979,2.5390,-26.9160
249,4624743.5390,377072.3485,2.5099,-26.9450
250,4624742.3288,377075.3615,2.5318,-26.9230
251,4624741.4151,377078.2741,2.5287,-26.9260
252,4624740.7761,377081.2235,2.5537,-26.9010
253,4624740.2547,377084.4159,2.6086,-26.8460
254,4624739.5605,377087.3831,2.6365,-26.8180
255,4624738.8610,377090.5356,2.6314,-26.8230
256,4624738.3661,377093.5275,2.7013,-26.7530
257,4624737.2421,377096.3146,2.7503,-26.7040
258,4624735.9676,377099.1719,2.7702,-26.6840
259,4624735.1524,377102.1019,2.8291,-26.6250
260,4624734.3444,377105.3558,2.8280,-26.6260
261,4624733.6148,377108.4515,2.8350,-26.6190
262,4624732.3397,377111.3770,2.8299,-26.6240
263,4624731.1505,377114.2045,2.8718,-26.5820
264,4624730.2421,377117.1712,2.8287,-26.6250
265,4624729.4877,377120.0776,2.8037,-26.6500
266,4624728.2981,377123.0669,2.8006,-26.6530
267,4624727.4196,377125.9823,2.7805,-26.6730