268,4624728.3616,377128.8706,2.7254,-26.7280
269,4624731.4038,377128.9542,2.5664,-26.8870
270,4624734.5736,377128.5364,2.3514,-27.1020
271,4624737.7021,377128.1915,2.2174,-27.2360
272,4624740.7782,377128.0977,2.0584,-27.3950
273,4624743.8717,377128.0813,1.8474,-27.6060
274,4624746.5564,377126.5363,1.7565,-27.6970
275,4624746.3090,377123.4699,1.8845,-27.5690
276,4624745.2810,377120.3966,2.0126,-27.4410
277,4624744.2736,377117.5277,2.1067,-27.3470
278,4624743.4820,377114.4455,2.2128,-27.2410
279,4624742.6249,377111.5086,2.3719,-27.0820
280,4624741.8559,377108.4976,2.5119,-26.9420
281,4624740.8672,377105.6466,2.6140,-26.8400
282,4624739.7158,377102.7001,2.7011,-26.7530
283,4624738.6989,377099.5528,2.7482,-26.7060
284,4624737.6074,377096.5728,2.7543,-26.7000
285,4624738.5998,377093.5726,2.6523,-26.8020
286,4624741.4550,377092.2360,2.6084,-26.8460
287,4624744.4637,377091.2149,2.6334,-26.8210
288,4624747.4187,377090.6718,2.6134,-26.8410
289,4624750.5151,377090.4243,2.5084,-26.9460
290,4624753.6576,377089.7879,2.3464,-27.1080
291,4624756.6425,377088.7489,2.2204,-27.2340
292,4624759.5379,377087.7116,2.0945,-27.3600
293,4624762.3969,377086.7265,1.9625,-27.4920
294,4624765.2221,377085.5877,1.8225,-27.6320
295,4624768.2276,377085.0279,1.7115,-27.7430
296,4624771.2085,377084.0486,1.6135,-27.8410
297,4624774.1044,377083.1258,1.5016,-27.9530
298,4624777.1474,377082.1894,1.4096,-28.0450
299,4624779.8995,377080.5459,1.3346,-28.1200
300,4624781.5471,377077.9080,1.3287,-28.1260
301,4624781.8033,377074.8829,1.3938,-28.0610
302,4624781.7694,377071.8248,1.4659,-27.9890
303,4624781.5840,377068.5731,1.5559,-27.8990
304,4624781.1093,377065.4990,1.6380,-27.8170
305,4624780.3953,377062.4965,1.7511,-27.7040
306,4624779.3343,377059.3329,1.8792,-27.5760
307,4624778.8435,377056.1626,1.9923,-27.4630
308,4624778.2235,377053.0251,2.1023,-27.3530
309,4624777.2240,377050.1207,2.2364,-27.2190
310,4624776.0175,377047.2639,2.3155,-27.1400
311,4624775.0444,377044.2557,2.4556,-27.0000
312,4624774.1974,377041.3600,2.5687,-26.8870
313,4624773.2641,377038.3474,2.6497,-26.8060
314,4624773.5960,377035.3643,2.7228,-26.7330
315,4624775.8104,377033.2741,2.6829,-26.7730
316,4624779.0124,377032.4528,2.6239,-26.8320
317,4624782.0185,377031.3809,2.5399,-26.9160
318,4624784.9268,377030.3756,2.4069,-27.0490
319,4624787.6843,377029.0940,2.3190,-27.1370
320,4624790.4796,377027.5138,2.2680,-27.1880
321,4624793.2081,377026.2207,2.1850,-27.2710
322,4624796.2470,377025.1937,2.0611,-27.3950
323,4624799.0247,377023.9094,1.9581,-27.4980
324,4624801.8821,377022.6102,1.8681,-27.5880
325,4624804.7009,377021.2625,1.7831,-27.6730
326,4624807.7271,377020.0895,1.6882,-27.7680
327,4624810.6241,377018.8761,1.6342,-27.8220
328,4624813.5074,377017.7087,1.5202,-27.9360
329,4624816.2414,377016.4355,1.4723,-27.9840
330,4624818.8222,377014.5769,1.4213,-28.0350
331,4624820.5117,377011.9699,1.4474,-28.0090
332,4624821.0674,377008.8384,1.5075,-27.9490
333,4624821.6048,377005.6616,1.5725,-27.8840
334,4624822.0033,377002.5667,1.6606,-27.7960
335,4624822.2183,376999.3529,1.7327,-27.7240
336,4624821.7229,376996.1091,1.8228,-27.6340
337,4624821.4572,376992.7247,1.8959,-27.5610
338,4624821.2899,376989.5403,1.9480,-27.5090
339,4624821.2564,376986.4640,1.9900,-27.4670
340,4624820.7290,376983.1758,2.0621,-27.3950
341,4624819.9129,376980.2273,2.1212,-27.3360
342,4624818.9444,376977.3669,2.1903,-27.2670
343,4624818.1870,376974.3979,2.2314,-27.2260
344,4624817.2493,376971.4821,2.3344,-27.1230
345,4624816.4218,376968.5707,2.3805,-27.0770
346,4624815.5246,376965.6109,2.4506,-27.0070
347,4624814.7134,376962.5299,2.5137,-26.9440
348,4624814.3572,376959.4836,2.5628,-26.8950
349,4624814.5859,376956.3908,2.5788,-26.8790
350,4624815.9460,376953.5625,2.5929,-26.8650
351,4624818.5034,376951.5696,2.5160,-26.9420
352,4624821.5115,376950.5166,2.4090,-27.0490
353,4624824.3757,376949.4228,2.4050,-27.0530
354,4624827.5257,376948.4636,2.4010,-27.0570
355,4624830.5596,376947.7572,2.4300,-27.0280
356,4624833.7618,376947.0646,2.4021,-27.0560
357,4624836.7440,376946.2696,2.4091,-27.0490
358,4624839.8261,376945.8919,2.3611,-27.0970
359,4624842.7650,376945.1795,2.3221,-27.1360
360,4624846.1443,376944.7815,2.2591,-27.1990
361,4624849.1808,376944.4231,2.1361,-27.3220
362,4624852.2016,376943.6490,2.0511,-27.4070
363,4624855.1944,376942.5169,1.9442,-27.5140
364,4624858.1809,376941.6948,1.8292,-27.6290
365,4624861.1586,376940.9819,1.7192,-27.7390
366,4624864.2363,376939.9810,1.5912,-27.8670
367,4624867.2478,376938.2570,1.4802,-27.9780
368,4624869.2580,376935.8709,1.4423,-28.0160
369,4624869.9752,376932.7860,1.4964,-27.9620
370,4624869.9608,376929.5384,1.6005,-27.8580
371,4624869.3323,376926.4152,1.7386,-27.7200
372,4624868.8064,376923.3217,1.8836,-27.5750
373,4624868.0681,376920.1965,2.0567,-27.4020
374,4624867.2119,376917.1382,2.1668,-27.2920
375,4624866.3413,376913.9374,2.3499,-27.1090
376,4624865.2627,376911.0573,2.4750,-26.9840
377,4624864.4223,376908.1362,2.5601,-26.8990
378,4624863.9448,376905.0565,2.6091,-26.8500
379,4624863.4248,376901.7808,2.6372,-26.8220
380,4624862.9973,376898.4356,2.6523,-26.8070
381,4624862.5541,376895.2041,2.6314,-26.8280
382,4624862.3928,376892.1208,2.6395,-26.8200
383,4624862.6495,376889.0203,2.6306,-26.8290
384,4624863.2037,376885.7114,2.6586,-26.8010
385,4624864.7335,376882.9106,2.6587,-26.8010
386,4624867.5124,376881.4719,2.6868,-26.7730
387,4624870.5141,376880.9283,2.6778,-26.7820
388,4624873.6034,376880.2876,2.7098,-26.7500
389,4624876.5400,376879.2703,2.7488,-26.7110
390,4624879.4608,376877.9322,2.7388,-26.7210
391,4624882.2732,376876.7450,2.6879,-26.7720
392,4624885.2408,376875.6317,2.5969,-26.8630
393,4624888.2831,376874.8107,2.4779,-26.9820
394,4624891.2387,376873.6657,2.3219,-27.1380
395,4624894.2760,376872.5522,2.1560,-27.3040
396,4624897.2366,376871.7100,1.9820,-27.4780
397,4624900.3001,376870.9216,1.8080,-27.6520
398,4624903.1761,376869.9637,1.6500,-27.8100
399,4624906.1331,376868.6531,1.5510,-27.9090
400,4624909.0691,376867.5042,1.4401,-28.0200
401,4624911.9979,376866.2662,1.3441,-28.1160
402,4624914.7446,376864.5903,1.2801,-28.1800
403,4624916.2090,376861.8020,1.3212,-28.1390
404,4624916.8891,376858.7614,1.4273,-28.0330
405,4624917.0656,376855.5565,1.5754,-27.8850
406,4624917.1235,376852.4935,1.7205,-27.7400
407,4624917.4614,376849.4931,1.8405,-27.6200
408,4624918.1963,376846.3611,1.9356,-27.5250
409,4624919.2563,376843.3789,1.9937,-27.4670
410,4624920.1234,376840.2927,2.1138,-27.3470
411,4624920.4070,376837.1412,2.2499,-27.2110
412,4624921.2897,376833.9231,2.4209,-27.0400
413,4624921.7476,376830.7763,2.6040,-26.8570
414,4624922.4765,376827.8060,2.7461,-26.7150
415,4624925.1374,376826.3725,2.6831,-26.7780
416,4624928.0353,376825.5939,2.5092,-26.9520
417,4624930.9871,376824.4248,2.3532,-27.1080
418,4624933.9786,376823.5848,2.1512,-27.3100
419,4624937.0805,376822.6612,1.9942,-27.4670
420,4624940.0688,376821.8865,1.7922,-27.6690
421,4624942.9768,376821.1011,1.5952,-27.8660
422,4624946.4696,376820.1826,1.3423,-28.1190
423,4624949.5200,376819.0605,1.1533,-28.3080
424,4624952.4693,376817.7055,1.0623,-28.3990
425,4624955.4536,376816.8614,0.9373,-28.5240
426,4624958.3647,376815.4453,0.8394,-28.6220
427,4624960.7777,376813.5209,0.7874,-28.6740
428,4624961.7452,376810.4924,0.8415,-28.6200
429,4624961.6893,376807.4779,0.9216,-28.5400
430,4624962.0254,376804.3018,1.0127,-28.4490
431,4624962.2772,376801.2336,1.0867,-28.3750
432,4624962.5886,376798.0634,1.1608,-28.3010
433,4624962.4770,376794.8943,1.2959,-28.1660
434,4624961.9448,376791.7915,1.4860,-27.9760
435,4624961.4115,376788.6582,1.7021,-27.7600
436,4624961.0458,376785.4735,1.9612,-27.5010
437,4624960.4102,376782.4216,2.2072,-27.2550
438,4624959.5957,376779.4854,2.4653,-26.9970
439,4624959.2811,376776.3861,2.6834,-26.7790
440,4624960.6146,376773.5058,2.7235,-26.7390
441,4624963.1148,376771.7566,2.6185,-26.8440
442,4624966.0240,376770.3990,2.4216,-27.0410
443,4624968.8637,376769.2566,2.1326,-27.3300
444,4624971.8620,376769.0171,1.8986,-27.5640
445,4624974.8875,376768.3754,1.6556,-27.8070
446,4624977.9271,376767.1742,1.5086,-27.9540
447,4624980.9023,376766.2376,1.3646,-28.0980
448,4624983.9345,376765.1889,1.2057,-28.2570
449,4624986.8681,376763.6641,1.0867,-28.3760
450,4624989.8333,376762.4045,0.9357,-28.5270
451,4624992.5844,376760.8630,0.8298,-28.6330
452,4624994.2873,376758.3844,0.8358,-28.6270
453,4624994.5445,376755.1775,0.9099,-28.5530
454,4624994.3352,376752.0754,1.0600,-28.4030
455,4624993.9976,376749.0563,1.2331,-28.2300
456,4624993.9914,376745.8519,1.3902,-28.0730
457,4624994.0030,376742.6859,1.5542,-27.9090
458,4624994.1805,376739.6379,1.6893,-27.7740
459,4624994.2964,376736.5454,1.8464,-27.6170
460,4624994.4143,376733.4975,2.0125,-27.4510
461,4624994.7265,376730.3030,2.1916,-27.2720
462,4624994.9812,376727.1483,2.3077,-27.1560
463,4624994.5243,376724.0650,2.5327,-26.9310
